LaFe11Si2:  # SOPT, Tc = 250 K, 150 - 300 K
  a: [-3.51683152e+04, 4.87403171e+02, -2.23828730e+00, 1.35479224e-03, 1.55205820e-05, -2.99854199e-08]
  b: [-1.63425257e+00, 5.48282863e-02, -6.30962333e-04, 3.41585145e-06, -8.90087664e-09, 9.04181075e-12]
  c: [0, 0, 0, 0, 0, 0]
LaFe11.4Si1.6:  # FOPT, Tc = 208 K, 200 - 230 K
  a: [8.68457668e+07, -1.91975049e+06, 1.69676748e+04, -7.49544217e+01, 1.65490805e-01, -1.46097415e-04]
  b: [6.92456427e+02, -2.51900616e+01, 3.13238281e-01, -1.79886193e-03, 4.92237726e-06, -5.21587610e-09]
  c: [-2.78865095e-01, 6.67283924e-03, -6.36294361e-05, 3.02349528e-07, -7.16135249e-10, 6.76568184e-13]
LaFe11.6Si1.4:  # FOPT, Tc = 191 K, T = 194.5 K, Ms = 120 g/emu
  a: [-13046.180237142858, 68.30460857142857, 0, 0, 0, 0]
  b: [-0.04248, 0, 0, 0, 0, 0]
  c: [2.4083e-6, 0, 0, 0, 0, 0]
